25
100 100 100 100 100
1 1 2 1 2
2 2 3 4 5
3 5 5 3 3
4 2 2 0 0
5 0 0 2 2
6 1 1 1 1
7 4 3 2 1
8 4 3 2 1
9 10 10 10 10
10 4 5 4 2
11 4 3 2 1
12 1 2 3 4
13 4 3 2 1
14 4 3 2 1
15 1 2 3 4
16 13 3 4 4
17 100 100 100 182
18 17 18 19 20
228 13 14 15 16
100 100 100 100 100
1 1 2 1 2
2 2 3 4 5
3 5 5 3 3
4 2 2 0 0
5 0 0 2 2
6 1 1 1 1
7 4 3 2 1
8 4 3 2 1
9 10 10 10 10
10 4 5 4 2
11 4 3 2 1
12 1 2 3 4
13 4 3 2 1
14 4 3 2 1
15 1 2 3 4
16 13 3 4 4
17 100 100 100 182
18 17 18 19 20
230 13 14 15 16
1 1 2 1 2
100 100 100 100 100
2 2 3 4 5
3 5 5 3 3
4 2 2 0 0
5 0 0 2 2
6 1 1 1 1
7 4 3 2 1
8 4 3 2 1
9 10 10 10 10
10 4 5 4 2
11 4 3 2 1
12 1 2 3 4
13 4 3 2 1
14 4 3 2 1
15 1 2 3 4
16 13 3 4 4
17 100 100 100 182
18 17 18 19 20
228 13 14 15 16
2 2 3 4 5
1 1 2 1 2
100 100 100 100 100
3 5 5 3 3
4 2 2 0 0
5 0 0 2 2
6 1 1 1 1
7 4 3 2 1
8 4 3 2 1
9 10 10 10 10
10 4 5 4 2
11 4 3 2 1
12 1 2 3 4
13 4 3 2 1
14 4 3 2 1
15 1 2 3 4
16 13 3 4 4
17 100 100 100 182
18 17 18 19 20
228 13 14 15 16
3 5 5 3 3
2 2 3 4 5
1 1 2 1 2
100 100 100 100 100
4 2 2 0 0
5 0 0 2 2
6 1 1 1 1
7 4 3 2 1
8 4 3 2 1
9 10 10 10 10
10 4 5 4 2
11 4 3 2 1
12 1 2 3 4
13 4 3 2 1
14 4 3 2 1
15 1 2 3 4
16 13 3 4 4
17 100 100 100 182
18 17 18 19 20
228 13 14 15 16
4 2 2 0 0
3 5 5 3 3
2 2 3 4 5
1 1 2 1 2
100 100 100 100 100
5 0 0 2 2
6 1 1 1 1
7 4 3 2 1
8 4 3 2 1
9 10 10 10 10
10 4 5 4 2
11 4 3 2 1
12 1 2 3 4
13 4 3 2 1
14 4 3 2 1
15 1 2 3 4
16 13 3 4 4
17 100 100 100 182
18 17 18 19 20
228 13 14 15 16
6 1 1 1 1
5 0 0 2 2
4 2 2 0 0
3 5 5 3 3
2 2 3 4 5
1 1 2 1 2
100 100 100 100 100
7 4 3 2 1
8 4 3 2 1
9 10 10 10 10
10 4 5 4 2
11 4 3 2 1
12 1 2 3 4
13 4 3 2 1
14 4 3 2 1
15 1 2 3 4
16 13 3 4 4
17 100 100 100 182
18 17 18 19 20
228 13 14 15 16
5 0 0 2 2
4 2 2 0 0
3 5 5 3 3
2 2 3 4 5
1 1 2 1 2
100 100 100 100 100
6 1 1 1 1
7 4 3 2 1
8 4 3 2 1
9 10 10 10 10
10 4 5 4 2
11 4 3 2 1
12 1 2 3 4
13 4 3 2 1
14 4 3 2 1
15 1 2 3 4
16 13 3 4 4
17 100 100 100 182
18 17 18 19 20
228 13 14 15 16
6 1 1 1 1
7 4 3 2 1
5 0 0 2 2
4 2 2 0 0
3 5 5 3 3
2 2 3 4 5
1 1 2 1 2
100 100 100 100 100
8 4 3 2 1
9 10 10 10 10
10 4 5 4 2
11 4 3 2 1
12 1 2 3 4
13 4 3 2 1
14 4 3 2 1
15 1 2 3 4
16 13 3 4 4
17 100 100 100 182
18 17 18 19 20
228 13 14 15 16
8 4 3 2 1
6 1 1 1 1
7 4 3 2 1
5 0 0 2 2
4 2 2 0 0
3 5 5 3 3
2 2 3 4 5
1 1 2 1 2
100 100 100 100 100
9 10 10 10 10
10 4 5 4 2
11 4 3 2 1
12 1 2 3 4
13 4 3 2 1
14 4 3 2 1
15 1 2 3 4
16 13 3 4 4
17 100 100 100 182
18 17 18 19 20
228 13 14 15 16
9 10 10 10 10
8 4 3 2 1
6 1 1 1 1
7 4 3 2 1
5 0 0 2 2
4 2 2 0 0
3 5 5 3 3
2 2 3 4 5
1 1 2 1 2
100 100 100 100 100
10 4 5 4 2
11 4 3 2 1
12 1 2 3 4
13 4 3 2 1
14 4 3 2 1
15 1 2 3 4
16 13 3 4 4
17 100 100 100 182
18 17 18 19 20
228 13 14 15 16
10 4 5 4 2
9 10 10 10 10
8 4 3 2 1
6 1 1 1 1
7 4 3 2 1
5 0 0 2 2
4 2 2 0 0
3 5 5 3 3
2 2 3 4 5
1 1 2 1 2
100 100 100 100 100
11 4 3 2 1
12 1 2 3 4
13 4 3 2 1
14 4 3 2 1
15 1 2 3 4
16 13 3 4 4
17 100 100 100 182
18 17 18 19 20
228 13 14 15 16
11 4 3 2 1
10 4 5 4 2
9 10 10 10 10
8 4 3 2 1
6 1 1 1 1
7 4 3 2 1
5 0 0 2 2
4 2 2 0 0
3 5 5 3 3
2 2 3 4 5
1 1 2 1 2
100 100 100 100 100
12 1 2 3 4
13 4 3 2 1
14 4 3 2 1
15 1 2 3 4
16 13 3 4 4
17 100 100 100 182
18 17 18 19 20
228 13 14 15 16
12 1 2 3 4
11 4 3 2 1
10 4 5 4 2
9 10 10 10 10
8 4 3 2 1
6 1 1 1 1
7 4 3 2 1
5 0 0 2 2
4 2 2 0 0
3 5 5 3 3
2 2 3 4 5
1 1 2 1 2
100 100 100 100 100
13 4 3 2 1
14 4 3 2 1
15 1 2 3 4
16 13 3 4 4
17 100 100 100 182
18 17 18 19 20
228 13 14 15 16
13 4 3 2 1
12 1 2 3 4
11 4 3 2 1
10 4 5 4 2
9 10 10 10 10
8 4 3 2 1
6 1 1 1 1
7 4 3 2 1
5 0 0 2 2
4 2 2 0 0
3 5 5 3 3
2 2 3 4 5
1 1 2 1 2
100 100 100 100 100
14 4 3 2 1
15 1 2 3 4
16 13 3 4 4
17 100 100 100 182
18 17 18 19 20
228 13 14 15 16
14 4 3 2 1
13 4 3 2 1
12 1 2 3 4
11 4 3 2 1
10 4 5 4 2
9 10 10 10 10
8 4 3 2 1
6 1 1 1 1
7 4 3 2 1
5 0 0 2 2
4 2 2 0 0
3 5 5 3 3
2 2 3 4 5
1 1 2 1 2
100 100 100 100 100
15 1 2 3 4
16 13 3 4 4
17 100 100 100 182
18 17 18 19 20
228 13 14 15 16
15 1 2 3 4
14 4 3 2 1
13 4 3 2 1
12 1 2 3 4
11 4 3 2 1
10 4 5 4 2
9 10 10 10 10
8 4 3 2 1
6 1 1 1 1
7 4 3 2 1
5 0 0 2 2
4 2 2 0 0
3 5 5 3 3
2 2 3 4 5
1 1 2 1 2
100 100 100 100 100
16 13 3 4 4
17 100 100 100 182
18 17 18 19 20
228 13 14 15 16
16 13 3 4 4
15 1 2 3 4
14 4 3 2 1
13 4 3 2 1
12 1 2 3 4
11 4 3 2 1
10 4 5 4 2
9 10 10 10 10
8 4 3 2 1
6 1 1 1 1
7 4 3 2 1
5 0 0 2 2
4 2 2 0 0
3 5 5 3 3
2 2 3 4 5
1 1 2 1 2
100 100 100 100 100
17 100 100 100 182
18 17 18 19 20
228 13 14 15 16
17 100 100 100 182
16 13 3 4 4
15 1 2 3 4
14 4 3 2 1
13 4 3 2 1
12 1 2 3 4
11 4 3 2 1
10 4 5 4 2
9 10 10 10 10
8 4 3 2 1
6 1 1 1 1
7 4 3 2 1
5 0 0 2 2
4 2 2 0 0
3 5 5 3 3
2 2 3 4 5
1 1 2 1 2
100 100 100 100 100
18 17 18 19 20
228 13 14 15 16
18 17 18 19 20
17 100 100 100 182
16 13 3 4 4
15 1 2 3 4
14 4 3 2 1
13 4 3 2 1
12 1 2 3 4
11 4 3 2 1
10 4 5 4 2
9 10 10 10 10
8 4 3 2 1
6 1 1 1 1
7 4 3 2 1
5 0 0 2 2
4 2 2 0 0
3 5 5 3 3
2 2 3 4 5
1 1 2 1 2
100 100 100 100 100
228 13 14 15 16
18 17 18 19 20
17 100 100 100 182
16 13 3 4 4
15 1 2 3 4
14 4 3 2 1
13 4 3 2 1
12 1 2 3 4
11 4 3 2 1
10 4 5 4 2
9 10 10 10 10
8 4 3 2 1
6 1 1 1 1
7 4 3 2 1
5 0 0 2 2
4 2 2 0 0
3 5 5 3 3
2 2 3 4 5
1 1 2 1 2
228 13 14 15 16
100 100 100 100 100
18 17 18 19 20
17 100 100 100 182
16 13 3 4 4
15 1 2 3 4
14 4 3 2 1
13 4 3 2 1
12 1 2 3 4
11 4 3 2 1
10 4 5 4 2
9 10 10 10 10
8 4 3 2 1
6 500 1 1 1
7 4 3 2 1
5 0 0 2 2
4 2 2 0 0
3 5 5 3 3
2 2 3 4 5
1 1 2 1 2
228 13 14 15 16
100 300 100 100 100
18 17 18 19 20
17 100 100 100 182
16 13 3 4 4
15 1 2 3 4
14 4 3 2 1
13 4 3 2 1
12 1 2 3 4
11 4 3 2 1
10 4 5 4 2
9 10 10 10 10
8 4 3 2 1
6 1 1 1 1
7 4 3 2 1
5 0 300 2 2
4 2 2 0 0
3 5 5 3 3
2 2 3 4 5
1 1 2 1 2
228 13 214 15 16
100 100 100 100 100
18 17 18 19 20
17 100 100 100 182
16 13 3 4 4
15 1 2 3 4
14 4 3 200 1
13 4 3 2 1
12 1 2 3 4
11 4 3 2 1
10 4 5 400 2
9 10 10 10 10
8 4 3 2 1
6 1 1 1 1
7 4 3 2 1
5 0 0 2 2
4 2 2 0 0
3 5 5 3 3
2 2 3 4 5
1 1 2 100 2
228 13 14 15 16
100 100 100 100 100
18 17 18 19 20
17 100 100 100 182
16 13 3 4 4
15 1 2 3 4
14 4 3 2 1
13 4 3 2 1
12 1 2 3 400
11 4 3 2 1
10 4 5 4 2
9 10 10 10 10
8 4 3 2 1
6 1 1 1 1
7 4 3 2 1
5 0 0 2 200
4 2 2 0 0
3 5 5 3 300
2 2 3 4 5
1 1 2 1 2
228 13 14 15 16
100 100 100 100 100